-0.033332
-0.033332
-0.033332
-0.033332
-0.033332
-0.033332
-0.0941629
-0.0941629
-0.0941629
-0.0941629
-0.0941629
-0.0941629
0.0
0.0
0.0
0.0
0.0
0.0
0.0
0.0
0.0
0.0
0.0
0.0
0.0
0.0
0.0
0.0
0.0
0.0
-0.029165499999999997
-0.029165499999999997
-0.029165499999999997
-0.029165499999999997
-0.029165499999999997
-0.029165499999999997
-0.039998399999999996
-0.039998399999999996
-0.039998399999999996
-0.039998399999999996
-0.039998399999999996
-0.039998399999999996
-0.008333
-0.008333
-0.008333
-0.008333
-0.008333
-0.008333
-0.029165499999999997
-0.029165499999999997
-0.029165499999999997
-0.029165499999999997
-0.029165499999999997
-0.029165499999999997
-0.010832900000000001
-0.010832900000000001
-0.010832900000000001
-0.010832900000000001
-0.010832900000000001
-0.010832900000000001
0.0
0.0
0.0
0.0
0.0
0.0
0.0
0.0
0.0
0.0
0.0
0.0
0.0
0.0
0.0
0.0
0.0
0.0
0.0
0.0
0.0
0.0
0.0
0.0
0.0
0.0
0.0
0.0
0.0
0.0
-0.0041665
-0.0041665
-0.0041665
-0.0041665
-0.0041665
-0.0041665
0.0
0.0
0.0
0.0
0.0
0.0
0.0
0.0
0.0
0.0
0.0
0.0
0.0
0.0
0.0
0.0
0.0
0.0
0.0
0.0
0.0
0.0
0.0
0.0
0.0
0.0
0.0
0.0
0.0
0.0
0.0
0.0
0.0
0.0
0.0
0.0
-0.0024998999999999998
-0.0024998999999999998
-0.0024998999999999998
-0.0024998999999999998
-0.0024998999999999998
-0.0024998999999999998
-0.009999599999999999
-0.009999599999999999
-0.009999599999999999
-0.009999599999999999
-0.009999599999999999
-0.009999599999999999
0.0
0.0
0.0
0.0
0.0
0.0
0.0
0.0
0.0
0.0
0.0
0.0
-0.0224991
-0.0224991
-0.0224991
-0.0224991
-0.0224991
-0.0224991
0.0
0.0
0.0
0.0
0.0
0.0
0.0
0.0
0.0
0.0
0.0
0.0
-0.021665800000000002
-0.021665800000000002
-0.021665800000000002
-0.021665800000000002
-0.021665800000000002
-0.021665800000000002
0.0
0.0
0.0
0.0
0.0
0.0
0.0
0.0
0.0
0.0
0.0
0.0
0.0
0.0
0.0
0.0
0.0
0.0
-0.0041665
-0.0041665
-0.0041665
-0.0041665
-0.0041665
-0.0041665
-0.0174993
-0.0174993
-0.0174993
-0.0174993
-0.0174993
-0.0174993
-0.0391651
-0.0391651
-0.0391651
-0.0391651
-0.0391651
-0.0391651
0.0
0.0
0.0
0.0
0.0
0.0
0.0
0.0
0.0
0.0
0.0
0.0
-0.0016666
-0.0016666
-0.0016666
-0.0016666
-0.0016666
-0.0016666
0.0
0.0
0.0
0.0
0.0
0.0
-0.005833100000000001
-0.005833100000000001
-0.005833100000000001
-0.005833100000000001
-0.005833100000000001
-0.005833100000000001
-0.0041665
-0.0041665
-0.0041665
-0.0041665
-0.0041665
-0.0041665
-0.0074997
-0.0074997
-0.0074997
-0.0074997
-0.0074997
-0.0074997
0.0
0.0
0.0
0.0
0.0
0.0
0.0
0.0
0.0
0.0
0.0
0.0
0.0
0.0
0.0
0.0
0.0
0.0
0.0
0.0
0.0
0.0
0.0
0.0
-0.0224991
-0.0224991
-0.0224991
-0.0224991
-0.0224991
-0.0224991
-0.0033332
-0.0033332
-0.0033332
-0.0033332
-0.0033332
-0.0033332
0.0
0.0
0.0
0.0
0.0
0.0
0.0
0.0
0.0
0.0
0.0
0.0
0.0
0.0
0.0
0.0
0.0
0.0
-0.0033332
-0.0033332
-0.0033332
-0.0033332
-0.0033332
-0.0033332
0.0
0.0
0.0
0.0
0.0
0.0
0.0
0.0
0.0
0.0
0.0
0.0
0.0
0.0
0.0
0.0
0.0
0.0
0.0
0.0
0.0
0.0
0.0
0.0
0.0
0.0
0.0
0.0
0.0
0.0
-0.010832900000000001
-0.010832900000000001
-0.010832900000000001
-0.010832900000000001
-0.010832900000000001
-0.010832900000000001
-0.0016666
-0.0016666
-0.0016666
-0.0016666
-0.0016666
-0.0016666
0.0
0.0
0.0
0.0
0.0
0.0
0.0
0.0
0.0
0.0
0.0
0.0
0.0
0.0
0.0
0.0
0.0
0.0
-0.0066664
-0.0066664
-0.0066664
-0.0066664
-0.0066664
-0.0066664
-0.0241657
-0.0241657
-0.0241657
-0.0241657
-0.0241657
-0.0241657
-0.1091623
-0.1091623
-0.1091623
-0.1091623
-0.1091623
-0.1091623
0.0
0.0
0.0
0.0
0.0
0.0
0.0
0.0
0.0
0.0
0.0
0.0
0.0
0.0
0.0
0.0
0.0
0.0
0.0
0.0
0.0
0.0
0.0
0.0
0.0
0.0
0.0
0.0
0.0
0.0
0.0
0.0
0.0
0.0
0.0
0.0
0.0
0.0
0.0
0.0
0.0
0.0
0.0
0.0
0.0
0.0
0.0
0.0
0.0
0.0
0.0
0.0
0.0
0.0
0.0
0.0
0.0
0.0
0.0
0.0
-0.0041665
-0.0041665
-0.0041665
-0.0041665
-0.0041665
-0.0041665
-0.039998399999999996
-0.039998399999999996
-0.039998399999999996
-0.039998399999999996
-0.039998399999999996
-0.039998399999999996
0.0
0.0
0.0
0.0
0.0
0.0
0.0
0.0
0.0
0.0
0.0
0.0
-0.039998399999999996
-0.039998399999999996
-0.039998399999999996
-0.039998399999999996
-0.039998399999999996
-0.039998399999999996
-0.033332
-0.033332
-0.033332
-0.033332
-0.033332
-0.033332
0.0
0.0
0.0
0.0
0.0
0.0
0.0
0.0
0.0
0.0
0.0
0.0
0.0
0.0
0.0
0.0
0.0
0.0
0.0
0.0
0.0
0.0
0.0
0.0
-0.0149994
-0.0149994
-0.0149994
-0.0149994
-0.0149994
-0.0149994
-0.18332600000000002
-0.18332600000000002
-0.18332600000000002
-0.18332600000000002
-0.18332600000000002
-0.18332600000000002
-0.0033332
-0.0033332
-0.0033332
-0.0033332
-0.0033332
-0.0033332
0.0
0.0
0.0
0.0
0.0
0.0
-0.0008333
-0.0008333
-0.0008333
-0.0008333
-0.0008333
-0.0008333
-0.027498900000000003
-0.027498900000000003
-0.027498900000000003
-0.027498900000000003
-0.027498900000000003
-0.027498900000000003
-0.0066664
-0.0066664
-0.0066664
-0.0066664
-0.0066664
-0.0066664
0.0
0.0
0.0
0.0
0.0
0.0
0.0
0.0
0.0
0.0
0.0
0.0
0.0
0.0
0.0
0.0
0.0
0.0
0.0
0.0
0.0
0.0
0.0
0.0
0.0
0.0
0.0
0.0
0.0
0.0
0.0
0.0
0.0
0.0
0.0
0.0
-0.0124995
-0.0124995
-0.0124995
-0.0124995
-0.0124995
-0.0124995
-0.0616642
-0.0616642
-0.0616642
-0.0616642
-0.0616642
-0.0616642
-0.024999
-0.024999
-0.024999
-0.024999
-0.024999
-0.024999
-0.0024998999999999998
-0.0024998999999999998
-0.0024998999999999998
-0.0024998999999999998
-0.0024998999999999998
-0.0024998999999999998
0.0
0.0
0.0
0.0
0.0
0.0
0.0
0.0
0.0
0.0
0.0
0.0
0.0
0.0
0.0
0.0
0.0
0.0
0.0
0.0
0.0
0.0
0.0
0.0
0.0
0.0
0.0
0.0
0.0
0.0
0.0
0.0
0.0
0.0
0.0
0.0
0.0
0.0
0.0
0.0
0.0
0.0
0.0
0.0
0.0
0.0
0.0
0.0
0.0
0.0
0.0
0.0
0.0
0.0
0.0
0.0
0.0
0.0
0.0
0.0
0.0
0.0
0.0
0.0
0.0
0.0
0.0
0.0
0.0
0.0
0.0
0.0
-0.0024998999999999998
-0.0024998999999999998
-0.0024998999999999998
-0.0024998999999999998
-0.0024998999999999998
-0.0024998999999999998
-0.0033332
-0.0033332
-0.0033332
-0.0033332
-0.0033332
-0.0033332
0.0
0.0
0.0
0.0
0.0
0.0
0.0
0.0
0.0
0.0
0.0
0.0
0.0
0.0
0.0
0.0
0.0
0.0
0.0
0.0
0.0
0.0
0.0
0.0
-0.049998
-0.049998
-0.049998
-0.049998
-0.049998
-0.049998
0.011666200000000002
0.011666200000000002
0.011666200000000002
0.011666200000000002
0.011666200000000002
0.011666200000000002
0.0149994
0.0149994
0.0149994
0.0149994
0.0149994
0.0149994
0.011666200000000002
0.011666200000000002
0.011666200000000002
0.011666200000000002
0.011666200000000002
0.011666200000000002
0.0191659
0.0191659
0.0191659
0.0191659
0.0191659
0.0191659
-0.0391651
-0.0391651
-0.0391651
-0.0391651
-0.0391651
-0.0391651
0.0158327
0.0158327
0.0158327
0.0158327
0.0158327
0.0158327
0.0158327
0.0158327
0.0158327
0.0158327
0.0158327
0.0158327
-0.0349986
-0.0349986
-0.0349986
-0.0349986
-0.0349986
-0.0349986
0.014166100000000001
0.014166100000000001
0.014166100000000001
0.014166100000000001
0.014166100000000001
0.014166100000000001
-0.0008333
-0.0008333
-0.0008333
-0.0008333
-0.0008333
-0.0008333
-0.011666200000000002
-0.011666200000000002
-0.011666200000000002
-0.011666200000000002
-0.011666200000000002
-0.011666200000000002
0.0149994
0.0149994
0.0149994
0.0149994
0.0149994
0.0149994
0.0149994
0.0149994
0.0149994
0.0149994
0.0149994
0.0149994
0.0158327
0.0158327
0.0158327
0.0158327
0.0158327
0.0158327
0.011666200000000002
0.011666200000000002
0.011666200000000002
0.011666200000000002
0.011666200000000002
0.011666200000000002
0.0124995
0.0124995
0.0124995
0.0124995
0.0124995
0.0124995
0.0133328
0.0133328
0.0133328
0.0133328
0.0133328
0.0133328
0.0149994
0.0149994
0.0149994
0.0149994
0.0149994
0.0149994
0.011666200000000002
0.011666200000000002
0.011666200000000002
0.011666200000000002
0.011666200000000002
0.011666200000000002
0.016666
0.016666
0.016666
0.016666
0.016666
0.016666
-0.028332200000000002
-0.028332200000000002
-0.028332200000000002
-0.028332200000000002
-0.028332200000000002
-0.028332200000000002
0.0158327
0.0158327
0.0158327
0.0158327
0.0158327
0.0158327
0.0158327
0.0158327
0.0158327
0.0158327
0.0158327
0.0158327
0.0183326
0.0183326
0.0183326
0.0183326
0.0183326
0.0183326
0.0158327
0.0158327
0.0158327
0.0158327
0.0158327
0.0158327
0.0158327
0.0158327
0.0158327
0.0158327
0.0158327
0.0158327
-0.0074997
-0.0074997
-0.0074997
-0.0074997
-0.0074997
-0.0074997
0.016666
0.016666
0.016666
0.016666
0.016666
0.016666
0.016666
0.016666
0.016666
0.016666
0.016666
0.016666
0.016666
0.016666
0.016666
0.016666
0.016666
0.016666
0.019999199999999998
0.019999199999999998
0.019999199999999998
0.019999199999999998
0.019999199999999998
0.019999199999999998
0.010832900000000001
0.010832900000000001
0.010832900000000001
0.010832900000000001
0.010832900000000001
0.010832900000000001
0.0158327
0.0158327
0.0158327
0.0158327
0.0158327
0.0158327
0.0158327
0.0158327
0.0158327
0.0158327
0.0158327
0.0158327
0.0183326
0.0183326
0.0183326
0.0183326
0.0183326
0.0183326
0.016666
0.016666
0.016666
0.016666
0.016666
0.016666
0.016666
0.016666
0.016666
0.016666
0.016666
0.016666
0.0174993
0.0174993
0.0174993
0.0174993
0.0174993
0.0174993
0.0191659
0.0191659
0.0191659
0.0191659
0.0191659
0.0191659
0.0183326
0.0183326
0.0183326
0.0183326
0.0183326
0.0183326
0.0191659
0.0191659
0.0191659
0.0191659
0.0191659
0.0191659
0.0208325
0.0208325
0.0208325
0.0208325
0.0208325
0.0208325
-0.0091663
-0.0091663
-0.0091663
-0.0091663
-0.0091663
-0.0091663
0.0174993
0.0174993
0.0174993
0.0174993
0.0174993
0.0174993
0.0183326
0.0183326
0.0183326
0.0183326
0.0183326
0.0183326
-0.011666200000000002
-0.011666200000000002
-0.011666200000000002
-0.011666200000000002
-0.011666200000000002
-0.011666200000000002
0.019999199999999998
0.019999199999999998
0.019999199999999998
0.019999199999999998
0.019999199999999998
0.019999199999999998
0.0183326
0.0183326
0.0183326
0.0183326
0.0183326
0.0183326
0.0174993
0.0174993
0.0174993
0.0174993
0.0174993
0.0174993
0.019999199999999998
0.019999199999999998
0.019999199999999998
0.019999199999999998
0.019999199999999998
0.019999199999999998
0.0183326
0.0183326
0.0183326
0.0183326
0.0183326
0.0183326
0.0041665
0.0041665
0.0041665
0.0041665
0.0041665
0.0041665
0.0183326
0.0183326
0.0183326
0.0183326
0.0183326
0.0183326
0.0174993
0.0174993
0.0174993
0.0174993
0.0174993
0.0174993
0.0191659
0.0191659
0.0191659
0.0191659
0.0191659
0.0191659
0.0208325
0.0208325
0.0208325
0.0208325
0.0208325
0.0208325
0.0191659
0.0191659
0.0191659
0.0191659
0.0191659
0.0191659
-0.0308321
-0.0308321
-0.0308321
-0.0308321
-0.0308321
-0.0308321
0.0133328
0.0133328
0.0133328
0.0133328
0.0133328
0.0133328
0.0224991
0.0224991
0.0224991
0.0224991
0.0224991
0.0224991
0.0149994
0.0149994
0.0149994
0.0149994
0.0149994
0.0149994
0.0049997999999999996
0.0049997999999999996
0.0049997999999999996
0.0049997999999999996
0.0049997999999999996
0.0049997999999999996
0.0158327
0.0158327
0.0158327
0.0158327
0.0158327
0.0158327
0.0149994
0.0149994
0.0149994
0.0149994
0.0149994
0.0149994
-0.0016666
-0.0016666
-0.0016666
-0.0016666
-0.0016666
-0.0016666
0.014166100000000001
0.014166100000000001
0.014166100000000001
0.014166100000000001
0.014166100000000001
0.014166100000000001
0.0174993
0.0174993
0.0174993
0.0174993
0.0174993
0.0174993
0.0149994
0.0149994
0.0149994
0.0149994
0.0149994
0.0149994
0.0183326
0.0183326
0.0183326
0.0183326
0.0183326
0.0183326
0.0191659
0.0191659
0.0191659
0.0191659
0.0191659
0.0191659
0.021665800000000002
0.021665800000000002
0.021665800000000002
0.021665800000000002
0.021665800000000002
0.021665800000000002
0.019999199999999998
0.019999199999999998
0.019999199999999998
0.019999199999999998
0.019999199999999998
0.019999199999999998
0.016666
0.016666
0.016666
0.016666
0.016666
0.016666
0.019999199999999998
0.019999199999999998
0.019999199999999998
0.019999199999999998
0.019999199999999998
0.019999199999999998
0.021665800000000002
0.021665800000000002
0.021665800000000002
0.021665800000000002
0.021665800000000002
0.021665800000000002
0.0208325
0.0208325
0.0208325
0.0208325
0.0208325
0.0208325
0.019999199999999998
0.019999199999999998
0.019999199999999998
0.019999199999999998
0.019999199999999998
0.019999199999999998
0.023332400000000003
0.023332400000000003
0.023332400000000003
0.023332400000000003
0.023332400000000003
0.023332400000000003
0.0174993
0.0174993
0.0174993
0.0174993
0.0174993
0.0174993
0.005833100000000001
0.005833100000000001
0.005833100000000001
0.005833100000000001
0.005833100000000001
0.005833100000000001
0.0133328
0.0133328
0.0133328
0.0133328
0.0133328
0.0133328
-0.011666200000000002
-0.011666200000000002
-0.011666200000000002
-0.011666200000000002
-0.011666200000000002
-0.011666200000000002
0.0033332
0.0033332
0.0033332
0.0033332
0.0033332
0.0033332
0.0158327
0.0158327
0.0158327
0.0158327
0.0158327
0.0158327
0.0174993
0.0174993
0.0174993
0.0174993
0.0174993
0.0174993
0.0174993
0.0174993
0.0174993
0.0174993
0.0174993
0.0174993
0.0091663
0.0091663
0.0091663
0.0091663
0.0091663
0.0091663
0.0074997
0.0074997
0.0074997
0.0074997
0.0074997
0.0074997
0.0158327
0.0158327
0.0158327
0.0158327
0.0158327
0.0158327
0.0158327
0.0158327
0.0158327
0.0158327
0.0158327
0.0158327
0.0174993
0.0174993
0.0174993
0.0174993
0.0174993
0.0174993
0.016666
0.016666
0.016666
0.016666
0.016666
0.016666
0.0191659
0.0191659
0.0191659
0.0191659
0.0191659
0.0191659
0.010832900000000001
0.010832900000000001
0.010832900000000001
0.010832900000000001
0.010832900000000001
0.010832900000000001
0.0091663
0.0091663
0.0091663
0.0091663
0.0091663
0.0091663
0.016666
0.016666
0.016666
0.016666
0.016666
0.016666
0.0158327
0.0158327
0.0158327
0.0158327
0.0158327
0.0158327
0.0133328
0.0133328
0.0133328
0.0133328
0.0133328
0.0133328
0.0074997
0.0074997
0.0074997
0.0074997
0.0074997
0.0074997
0.0158327
0.0158327
0.0158327
0.0158327
0.0158327
0.0158327
0.0133328
0.0133328
0.0133328
0.0133328
0.0133328
0.0133328
-0.0633308
-0.0633308
-0.0633308
-0.0633308
-0.0633308
-0.0633308
0.014166100000000001
0.014166100000000001
0.014166100000000001
0.014166100000000001
0.014166100000000001
0.014166100000000001
0.014166100000000001
0.014166100000000001
0.014166100000000001
0.014166100000000001
0.014166100000000001
0.014166100000000001
0.0133328
0.0133328
0.0133328
0.0133328
0.0133328
0.0133328
0.0158327
0.0158327
0.0158327
0.0158327
0.0158327
0.0158327
0.016666
0.016666
0.016666
0.016666
0.016666
0.016666
0.014166100000000001
0.014166100000000001
0.014166100000000001
0.014166100000000001
0.014166100000000001
0.014166100000000001
0.0091663
0.0091663
0.0091663
0.0091663
0.0091663
0.0091663
-0.0741637
-0.0741637
-0.0741637
-0.0741637
-0.0741637
-0.0741637
0.0208325
0.0208325
0.0208325
0.0208325
0.0208325
0.0208325
0.014166100000000001
0.014166100000000001
0.014166100000000001
0.014166100000000001
0.014166100000000001
0.014166100000000001
0.014166100000000001
0.014166100000000001
0.014166100000000001
0.014166100000000001
0.014166100000000001
0.014166100000000001
0.0149994
0.0149994
0.0149994
0.0149994
0.0149994
0.0149994
0.0149994
0.0149994
0.0149994
0.0149994
0.0149994
0.0149994
0.0149994
0.0149994
0.0149994
0.0149994
0.0149994
0.0149994
0.014166100000000001
0.014166100000000001
0.014166100000000001
0.014166100000000001
0.014166100000000001
0.014166100000000001
0.014166100000000001
0.014166100000000001
0.014166100000000001
0.014166100000000001
0.014166100000000001
0.014166100000000001
0.009999599999999999
0.009999599999999999
0.009999599999999999
0.009999599999999999
0.009999599999999999
0.009999599999999999
0.014166100000000001
0.014166100000000001
0.014166100000000001
0.014166100000000001
0.014166100000000001
0.014166100000000001
-0.0741637
-0.0741637
-0.0741637
-0.0741637
-0.0741637
-0.0741637
0.0133328
0.0133328
0.0133328
0.0133328
0.0133328
0.0133328
0.0158327
0.0158327
0.0158327
0.0158327
0.0158327
0.0158327
0.011666200000000002
0.011666200000000002
0.011666200000000002
0.011666200000000002
0.011666200000000002
0.011666200000000002
-0.0324987
-0.0324987
-0.0324987
-0.0324987
-0.0324987
-0.0324987
-0.0324987
-0.0324987
-0.0324987
-0.0324987
-0.0324987
-0.0324987
0.0124995
0.0124995
0.0124995
0.0124995
0.0124995
0.0124995
-0.0599976
-0.0599976
-0.0599976
-0.0599976
-0.0599976
-0.0599976
0.0124995
0.0124995
0.0124995
0.0124995
0.0124995
0.0124995
0.011666200000000002
0.011666200000000002
0.011666200000000002
0.011666200000000002
0.011666200000000002
0.011666200000000002
0.010832900000000001
0.010832900000000001
0.010832900000000001
0.010832900000000001
0.010832900000000001
0.010832900000000001
0.014166100000000001
0.014166100000000001
0.014166100000000001
0.014166100000000001
0.014166100000000001
0.014166100000000001
0.014166100000000001
0.014166100000000001
0.014166100000000001
0.014166100000000001
0.014166100000000001
0.014166100000000001
0.0124995
0.0124995
0.0124995
0.0124995
0.0124995
0.0124995
0.010832900000000001
0.010832900000000001
0.010832900000000001
0.010832900000000001
0.010832900000000001
0.010832900000000001
0.011666200000000002
0.011666200000000002
0.011666200000000002
0.011666200000000002
0.011666200000000002
0.011666200000000002
0.0124995
0.0124995
0.0124995
0.0124995
0.0124995
0.0124995
0.010832900000000001
0.010832900000000001
0.010832900000000001
0.010832900000000001
0.010832900000000001
0.010832900000000001
0.009999599999999999
0.009999599999999999
0.009999599999999999
0.009999599999999999
0.009999599999999999
0.009999599999999999
0.009999599999999999
0.009999599999999999
0.009999599999999999
0.009999599999999999
0.009999599999999999
0.009999599999999999
0.010832900000000001
0.010832900000000001
0.010832900000000001
0.010832900000000001
0.010832900000000001
0.010832900000000001
0.009999599999999999
0.009999599999999999
0.009999599999999999
0.009999599999999999
0.009999599999999999
0.009999599999999999
0.0091663
0.0091663
0.0091663
0.0091663
0.0091663
0.0091663
0.0091663
0.0091663
0.0091663
0.0091663
0.0091663
0.0091663
0.009999599999999999
0.009999599999999999
0.009999599999999999
0.009999599999999999
0.009999599999999999
0.009999599999999999
0.009999599999999999
0.009999599999999999
0.009999599999999999
0.009999599999999999
0.009999599999999999
0.009999599999999999
0.0074997
0.0074997
0.0074997
0.0074997
0.0074997
0.0074997
0.008333
0.008333
0.008333
0.008333
0.008333
0.008333
-0.033332
-0.033332
-0.033332
-0.033332
-0.033332
-0.033332
0.0
0.0
0.0
0.0
0.0
0.0
0.008333
0.008333
0.008333
0.008333
0.008333
0.008333
0.008333
0.008333
0.008333
0.008333
0.008333
0.008333
0.008333
0.008333
0.008333
0.008333
0.008333
0.008333
0.009999599999999999
0.009999599999999999
0.009999599999999999
0.009999599999999999
0.009999599999999999
0.009999599999999999
0.0091663
0.0091663
0.0091663
0.0091663
0.0091663
0.0091663
0.008333
0.008333
0.008333
0.008333
0.008333
0.008333
-0.0124995
-0.0124995
-0.0124995
-0.0124995
-0.0124995
-0.0124995
-0.1874925
-0.1874925
-0.1874925
-0.1874925
-0.1874925
-0.1874925
-0.0041665
-0.0041665
-0.0041665
-0.0041665
-0.0041665
-0.0041665
0.008333
0.008333
0.008333
0.008333
0.008333
0.008333
0.008333
0.008333
0.008333
0.008333
0.008333
0.008333
0.009999599999999999
0.009999599999999999
0.009999599999999999
0.009999599999999999
0.009999599999999999
0.009999599999999999
0.0074997
0.0074997
0.0074997
0.0074997
0.0074997
0.0074997
0.0066664
0.0066664
0.0066664
0.0066664
0.0066664
0.0066664
0.005833100000000001
0.005833100000000001
0.005833100000000001
0.005833100000000001
0.005833100000000001
0.005833100000000001
0.0016666
0.0016666
0.0016666
0.0016666
0.0016666
0.0016666
0.008333
0.008333
0.008333
0.008333
0.008333
0.008333
0.0066664
0.0066664
0.0066664
0.0066664
0.0066664
0.0066664
-0.0224991
-0.0224991
-0.0224991
-0.0224991
-0.0224991
-0.0224991
-0.15999359999999999
-0.15999359999999999
-0.15999359999999999
-0.15999359999999999
-0.15999359999999999
-0.15999359999999999
-0.0441649
-0.0441649
-0.0441649
-0.0441649
-0.0441649
-0.0441649
0.0041665
0.0041665
0.0041665
0.0041665
0.0041665
0.0041665
0.0066664
0.0066664
0.0066664
0.0066664
0.0066664
0.0066664
0.0066664
0.0066664
0.0066664
0.0066664
0.0066664
0.0066664
0.005833100000000001
0.005833100000000001
0.005833100000000001
0.005833100000000001
0.005833100000000001
0.005833100000000001
0.0024998999999999998
0.0024998999999999998
0.0024998999999999998
0.0024998999999999998
0.0024998999999999998
0.0024998999999999998
0.008333
0.008333
0.008333
0.008333
0.008333
0.008333
0.005833100000000001
0.005833100000000001
0.005833100000000001
0.005833100000000001
0.005833100000000001
0.005833100000000001
-0.0258323
-0.0258323
-0.0258323
-0.0258323
-0.0258323
-0.0258323
0.0041665
0.0041665
0.0041665
0.0041665
0.0041665
0.0041665
0.0066664
0.0066664
0.0066664
0.0066664
0.0066664
0.0066664
0.005833100000000001
0.005833100000000001
0.005833100000000001
0.005833100000000001
0.005833100000000001
0.005833100000000001
0.005833100000000001
0.005833100000000001
0.005833100000000001
0.005833100000000001
0.005833100000000001
0.005833100000000001
-0.056664400000000004
-0.056664400000000004
-0.056664400000000004
-0.056664400000000004
-0.056664400000000004
-0.056664400000000004
-0.0608309
-0.0608309
-0.0608309
-0.0608309
-0.0608309
-0.0608309
0.0
0.0
0.0
0.0
0.0
0.0
0.0
0.0
0.0
0.0
0.0
0.0
0.0
0.0
0.0
0.0
0.0
0.0
0.0
0.0
0.0
0.0
0.0
0.0
-0.09332960000000001
-0.09332960000000001
-0.09332960000000001
-0.09332960000000001
-0.09332960000000001
-0.09332960000000001
-0.0024998999999999998
-0.0024998999999999998
-0.0024998999999999998
-0.0024998999999999998
-0.0024998999999999998
-0.0024998999999999998
-0.0033332
-0.0033332
-0.0033332
-0.0033332
-0.0033332
-0.0033332
-0.021665800000000002
-0.021665800000000002
-0.021665800000000002
-0.021665800000000002
-0.021665800000000002
-0.021665800000000002
0.0
0.0
0.0
0.0
0.0
0.0
0.0
0.0
0.0
0.0
0.0
0.0
0.0
0.0
0.0
0.0
0.0
0.0
0.0
0.0
0.0
0.0
0.0
0.0
0.0
0.0
0.0
0.0
0.0
0.0
0.0
0.0
0.0
0.0
0.0
0.0
-0.023332400000000003
-0.023332400000000003
-0.023332400000000003
-0.023332400000000003
-0.023332400000000003
-0.023332400000000003
0.0
0.0
0.0
0.0
0.0
0.0
-0.058330999999999994
-0.058330999999999994
-0.058330999999999994
-0.058330999999999994
-0.058330999999999994
-0.058330999999999994
-0.049998
-0.049998
-0.049998
-0.049998
-0.049998
-0.049998
0.0
0.0
0.0
0.0
0.0
0.0
0.0
0.0
0.0
0.0
0.0
0.0
0.0
0.0
0.0
0.0
0.0
0.0
0.0
0.0
0.0
0.0
0.0
0.0
0.0
0.0
0.0
0.0
0.0
0.0
-0.0208325
-0.0208325
-0.0208325
-0.0208325
-0.0208325
-0.0208325
0.0
0.0
0.0
0.0
0.0
0.0
0.0
0.0
0.0
0.0
0.0
0.0
0.0
0.0
0.0
0.0
0.0
0.0
0.0
0.0
0.0
0.0
0.0
0.0
0.0
0.0
0.0
0.0
0.0
0.0
0.0
0.0
0.0
0.0
0.0
0.0
0.0
0.0
0.0
0.0
0.0
0.0
0.0
0.0
0.0
0.0
0.0
0.0
0.0
0.0
0.0
0.0
0.0
0.0
0.0
0.0
0.0
0.0
0.0
0.0
0.0
0.0
0.0
0.0
0.0
0.0
0.0
0.0
0.0
0.0
0.0
0.0
0.0
0.0
0.0
0.0
0.0
0.0
0.0
0.0
0.0
0.0
0.0
0.0
-0.0266656
-0.0266656
-0.0266656
-0.0266656
-0.0266656
-0.0266656
-0.0149994
-0.0149994
-0.0149994
-0.0149994
-0.0149994
-0.0149994
0.0
0.0
0.0
0.0
0.0
0.0
-0.016666
-0.016666
-0.016666
-0.016666
-0.016666
-0.016666
0.0
0.0
0.0
0.0
0.0
0.0
0.0
0.0
0.0
0.0
0.0
0.0
-0.0033332
-0.0033332
-0.0033332
-0.0033332
-0.0033332
-0.0033332
-0.0624975
-0.0624975
-0.0624975
-0.0624975
-0.0624975
-0.0624975
0.0
0.0
0.0
0.0
0.0
0.0
0.0
0.0
0.0
0.0
0.0
0.0
0.0
0.0
0.0
0.0
0.0
0.0
-0.011666200000000002
-0.011666200000000002
-0.011666200000000002
-0.011666200000000002
-0.011666200000000002
-0.011666200000000002
0.0
0.0
0.0
0.0
0.0
0.0
0.0
0.0
0.0
0.0
0.0
0.0
-0.0049997999999999996
-0.0049997999999999996
-0.0049997999999999996
-0.0049997999999999996
-0.0049997999999999996
-0.0049997999999999996
0.0
0.0
0.0
0.0
0.0
0.0
0.0
0.0
0.0
0.0
0.0
0.0
-0.06749730000000001
-0.06749730000000001
-0.06749730000000001
-0.06749730000000001
-0.06749730000000001
-0.06749730000000001
-0.008333
-0.008333
-0.008333
-0.008333
-0.008333
-0.008333
0.0
0.0
0.0
0.0
0.0
0.0
